01110000000000000000000000000000
00010000000000000000000000000000
00010000000000000000011100000000
00010000000000000001000010000000
00010000000000000001000010000000
00011100111110000001100000000000
00000000000000010000000000010000
00000000000000010000001000000000
00000000000000010000001000001000
00000000000000010000001000000000
00000000000000000001000000000000
00000000000000010000000000010000
00000000000000010000000000000000
00000000000000010000010000111000
00000000000000010000010010000000
00000000000000001000000000000000
00000000000000000000000000000000
00000000000000010000000000010000
00000000000000010001000000001000
00000000000000010001000000000000
00000000000000010001000000000000
00000000000000010001000000001000
00000000000000010000000001000000
00000000000000010000000000000000
00011001111100001000000000000000
01000000000000001000000000000000
01000000000000001000000000000000
01000001111111000000000000000000
01000010000000000000000000000000
00000010000000000000000000000000
00111100000000000000000000000000
00000000000000000000000000000000
